
     Program PWSCF v.7.0 starts on 30May2022 at 20:35:30 
        Git branch: develop
        Last git commit: 855c068f57a7bf264a98e23fae2c102c47574996
        Last git commit date: Fri May 27 21:05:14 2022 +0000
        Last git commit subject: Merge branch 'smallthings' into 'develop'

     This program is part of the open-source Quantum ESPRESSO suite
     for quantum simulation of materials; please cite
         "P. Giannozzi et al., J. Phys.:Condens. Matter 21 395502 (2009);
         "P. Giannozzi et al., J. Phys.:Condens. Matter 29 465901 (2017);
         "P. Giannozzi et al., J. Chem. Phys. 152 154105 (2020);
          URL http://www.quantum-espresso.org", 
     in publications or presentations arising from this work. More details at
     http://www.quantum-espresso.org/quote

     Parallel version (MPI & OpenMP), running on      16 processor cores
     Number of MPI processes:                 1
     Threads/MPI process:                    16

     MPI processes distributed on     1 nodes
     49468 MiB available memory on the printing compute node when the environment starts

     Reading input from pw.in

     Current dimensions of program PWSCF are:
     Max number of different atomic species (ntypx) = 10
     Max number of k-points (npk) =  40000
     Max angular momentum in pseudopotentials (lmaxx) =  4

     IMPORTANT: XC functional enforced from input :
     Exchange-correlation= XC-000I-000I-101L-130L-000I-000I
                           (   0   0 101 130   0   0   0)
     Any further DFT definition will be discarded
     Please, verify this is what you really want

     Message from routine setup:
     using ibrav=0 with symmetry is DISCOURAGED, use correct ibrav instead
     First shells distances (in Bohr):
     shell:   1    0.000000
     shell:   2    3.940000
     shell:   3    4.020345
     shell:   4    5.572001
     shell:   5    6.687795
     shell:   6    6.824280
     shell:   7    6.870980

     i    j  dist (Bohr)       stan-stan stan-bac bac-bac bac-stan
     1    1   0.00000000  V =    8.0000   0.0000   0.0000   0.0000
     1    3   3.94000000  V =    0.3000   0.0000   0.0000   0.0000
     1   24   4.02034480  V =    0.3000   0.0000   0.0000   0.0000
     1   27   3.94000000  V =    0.3000   0.0000   0.0000   0.0000
     1   35   3.94000000  V =    0.3000   0.0000   0.0000   0.0000
     1   48   4.02034480  V =    0.3000   0.0000   0.0000   0.0000
     1   56   4.02034480  V =    0.3000   0.0000   0.0000   0.0000
     2    2   0.00000000  V =    8.0000   0.0000   0.0000   0.0000
     2    3   3.94000000  V =    0.3000   0.0000   0.0000   0.0000
     2    4   3.86280783  V =    0.3000   0.0000   0.0000   0.0000
     2   35   3.94000000  V =    0.3000   0.0000   0.0000   0.0000
     2   63   3.94000000  V =    0.3000   0.0000   0.0000   0.0000
     2   64   3.86280783  V =    0.3000   0.0000   0.0000   0.0000
     2   88   3.86280783  V =    0.3000   0.0000   0.0000   0.0000
     3    1   3.94000000  V =    0.3000   0.0000   0.0000   0.0000
     3    2   3.94000000  V =    0.3000   0.0000   0.0000   0.0000
     3    3   0.00000000  V =    0.0000   0.0000   0.0000   0.0000
     3   50   3.94000000  V =    0.3000   0.0000   0.0000   0.0000
     3   77   3.94000000  V =    0.3000   0.0000   0.0000   0.0000
     3   78   3.94000000  V =    0.3000   0.0000   0.0000   0.0000
     3   85   3.94000000  V =    0.3000   0.0000   0.0000   0.0000
     4    2   3.86280783  V =    0.3000   0.0000   0.0000   0.0000
     4    4   0.00000000  V =    0.0000   0.0000   0.0000   0.0000
     4   26   3.86280783  V =    0.3000   0.0000   0.0000   0.0000
     4   50   3.86280783  V =    0.3000   0.0000   0.0000   0.0000
     4   57   4.02034480  V =    0.3000   0.0000   0.0000   0.0000
     4   65   4.02034480  V =    0.3000   0.0000   0.0000   0.0000
     4   89   4.02034480  V =    0.3000   0.0000   0.0000   0.0000

     Subspace diagonalization in iterative solution of the eigenvalue problem:
     a serial algorithm will be used


     G-vector sticks info
     --------------------
     sticks:   dense  smooth     PW     G-vecs:    dense   smooth      PW
     Sum        2567    1045    321                64627    16817    2961

     Using Slab Decomposition



     bravais-lattice index     =            0
     lattice parameter (alat)  =       7.8800  a.u.
     unit-cell volume          =     244.6519 (a.u.)^3
     number of atoms/cell      =            4
     number of atomic types    =            3
     number of electrons       =        48.00
     number of Kohn-Sham states=           29
     kinetic-energy cutoff     =      64.0000  Ry
     charge density cutoff     =     625.0000  Ry
     scf convergence threshold =      1.0E-13
     mixing beta               =       0.2500
     number of iterations used =            8  plain     mixing
     Exchange-correlation= XC-000I-000I-101L-130L-000I-000I
                           (   0   0 101 130   0   0   0)
     Hubbard projectors: atomic

     Internal variables: lda_plus_u =T, lda_plus_u_kind = 2

     celldm(1)=   7.880000  celldm(2)=   0.000000  celldm(3)=   0.000000
     celldm(4)=   0.000000  celldm(5)=   0.000000  celldm(6)=   0.000000

     crystal axes: (cart. coord. in units of alat)
               a(1) = (   1.000000   0.500000   0.500000 )  
               a(2) = (   0.500000   1.000000   0.500000 )  
               a(3) = (   0.500000   0.500000   1.000000 )  

     reciprocal axes: (cart. coord. in units 2 pi/alat)
               b(1) = (  1.500000 -0.500000 -0.500000 )  
               b(2) = ( -0.500000  1.500000 -0.500000 )  
               b(3) = ( -0.500000 -0.500000  1.500000 )  


     PseudoPot. # 1 for Ni read from file:
     ./ni_pbe_v1.4.uspp.F.UPF
     MD5 check sum: 1ee80287db30b12d2bc1f57a5b5d6409
     Pseudo is Ultrasoft + core correction, Zval = 18.0
     Generated by new atomic code, or converted to UPF format
     Using radial grid of  865 points,  6 beta functions with: 
                l(1) =   0
                l(2) =   0
                l(3) =   1
                l(4) =   1
                l(5) =   2
                l(6) =   2
     Q(r) pseudized with 10 coefficients,  rinner =    0.980   0.980   0.980
                                                       0.980   0.980

     PseudoPot. # 2 for Ni read from file:
     ./ni_pbe_v1.4.uspp.F.UPF
     MD5 check sum: 1ee80287db30b12d2bc1f57a5b5d6409
     Pseudo is Ultrasoft + core correction, Zval = 18.0
     Generated by new atomic code, or converted to UPF format
     Using radial grid of  865 points,  6 beta functions with: 
                l(1) =   0
                l(2) =   0
                l(3) =   1
                l(4) =   1
                l(5) =   2
                l(6) =   2
     Q(r) pseudized with 10 coefficients,  rinner =    0.980   0.980   0.980
                                                       0.980   0.980

     PseudoPot. # 3 for O  read from file:
     ./o_pbe_v1.2.uspp.F.UPF
     MD5 check sum: 734c27235a0248c51dbae37a1fbe46ec
     Pseudo is Ultrasoft + core correction, Zval =  6.0
     Generated by new atomic code, or converted to UPF format
     Using radial grid of  737 points,  5 beta functions with: 
                l(1) =   0
                l(2) =   0
                l(3) =   1
                l(4) =   1
                l(5) =   2
     Q(r) pseudized with  8 coefficients,  rinner =    0.900   0.900   0.900
                                                       0.900   0.900

     atomic species   valence    mass     pseudopotential
        Ni1           18.00     1.00000     Ni( 1.00)
        Ni2           18.00     1.00000     Ni( 1.00)
        O              6.00     1.00000     O ( 1.00)

     Starting magnetic structure 
     atomic species   magnetization
        Ni1          0.100
        Ni2         -0.100
        O            0.000

      6 Sym. Ops. (no inversion) found


                                    s                        frac. trans.

      isym =  1     identity                                     

 cryst.   s( 1) = (     1          0          0      )
                  (     0          1          0      )
                  (     0          0          1      )

 cart.    s( 1) = (  1.0000000  0.0000000  0.0000000 )
                  (  0.0000000  1.0000000  0.0000000 )
                  (  0.0000000  0.0000000  1.0000000 )


      isym =  2     120 deg rotation - cart. axis [-1,-1,-1]     

 cryst.   s( 2) = (     0          0          1      )
                  (     1          0          0      )
                  (     0          1          0      )

 cart.    s( 2) = (  0.0000000  1.0000000  0.0000000 )
                  (  0.0000000  0.0000000  1.0000000 )
                  (  1.0000000  0.0000000  0.0000000 )


      isym =  3     120 deg rotation - cart. axis [1,1,1]        

 cryst.   s( 3) = (     0          1          0      )
                  (     0          0          1      )
                  (     1          0          0      )

 cart.    s( 3) = (  0.0000000  0.0000000  1.0000000 )
                  (  1.0000000  0.0000000  0.0000000 )
                  (  0.0000000  1.0000000  0.0000000 )


      isym =  4     inv. 180 deg rotation - cart. axis [1,-1,0]  

 cryst.   s( 4) = (     0          1          0      )
                  (     1          0          0      )
                  (     0          0          1      )

 cart.    s( 4) = (  0.0000000  1.0000000  0.0000000 )
                  (  1.0000000  0.0000000  0.0000000 )
                  (  0.0000000  0.0000000  1.0000000 )


      isym =  5     inv. 180 deg rotation - cart. axis [-1,0,1]  

 cryst.   s( 5) = (     0          0          1      )
                  (     0          1          0      )
                  (     1          0          0      )

 cart.    s( 5) = (  0.0000000  0.0000000  1.0000000 )
                  (  0.0000000  1.0000000  0.0000000 )
                  (  1.0000000  0.0000000  0.0000000 )


      isym =  6     inv. 180 deg rotation - cart. axis [0,1,-1]  

 cryst.   s( 6) = (     1          0          0      )
                  (     0          0          1      )
                  (     0          1          0      )

 cart.    s( 6) = (  1.0000000  0.0000000  0.0000000 )
                  (  0.0000000  0.0000000  1.0000000 )
                  (  0.0000000  1.0000000  0.0000000 )


   Cartesian axes

     site n.     atom                  positions (alat units)
         1           Ni1 tau(   1) = (  -0.0000000  -0.0000000  -0.0000000  )
         2           Ni2 tau(   2) = (   0.5000000   0.5000000   0.0000000  )
         3           O   tau(   3) = (   0.5000000   0.0000000   0.0000000  )
         4           O   tau(   4) = (   0.4900000   0.4900000   0.4900000  )

   Crystallographic axes

     site n.     atom                  positions (cryst. coord.)
         1           Ni1 tau(   1) = (  0.0000000  0.0000000  0.0000000  )
         2           Ni2 tau(   2) = (  0.5000000  0.5000000 -0.5000000  )
         3           O   tau(   3) = (  0.7500000 -0.2500000 -0.2500000  )
         4           O   tau(   4) = (  0.2450000  0.2450000  0.2450000  )

     number of k points=    13  Gaussian smearing, width (Ry)=  0.0020
                       cart. coord. in units 2pi/alat
        k(    1) = (   0.0000000   0.0000000   0.0000000), wk =   0.0156250
        k(    2) = (  -0.1250000  -0.1250000   0.3750000), wk =   0.0937500
        k(    3) = (   0.2500000   0.2500000  -0.7500000), wk =   0.0468750
        k(    4) = (  -0.2500000   0.2500000   0.2500000), wk =   0.0937500
        k(    5) = (   0.1250000   0.6250000  -0.8750000), wk =   0.1875000
        k(    6) = (   0.0000000   0.5000000  -0.5000000), wk =   0.0937500
        k(    7) = (   0.5000000  -0.5000000  -0.5000000), wk =   0.0468750
        k(    8) = (   0.1250000   0.1250000   0.1250000), wk =   0.0312500
        k(    9) = (   0.5000000   0.5000000  -1.0000000), wk =   0.0937500
        k(   10) = (   0.3750000   0.3750000  -0.6250000), wk =   0.0937500
        k(   11) = (   0.8750000  -0.6250000  -0.6250000), wk =   0.0937500
        k(   12) = (   0.7500000  -0.7500000  -0.2500000), wk =   0.0937500
        k(   13) = (  -0.2500000  -0.2500000  -0.2500000), wk =   0.0156250

                       cryst. coord.
        k(    1) = (   0.0000000   0.0000000   0.0000000), wk =   0.0156250
        k(    2) = (   0.0000000   0.0000000   0.2500000), wk =   0.0937500
        k(    3) = (   0.0000000   0.0000000  -0.5000000), wk =   0.0468750
        k(    4) = (   0.0000000   0.2500000   0.2500000), wk =   0.0937500
        k(    5) = (   0.0000000   0.2500000  -0.5000000), wk =   0.1875000
        k(    6) = (   0.0000000   0.2500000  -0.2500000), wk =   0.0937500
        k(    7) = (   0.0000000  -0.5000000  -0.5000000), wk =   0.0468750
        k(    8) = (   0.2500000   0.2500000   0.2500000), wk =   0.0312500
        k(    9) = (   0.2500000   0.2500000  -0.5000000), wk =   0.0937500
        k(   10) = (   0.2500000   0.2500000  -0.2500000), wk =   0.0937500
        k(   11) = (   0.2500000  -0.5000000  -0.5000000), wk =   0.0937500
        k(   12) = (   0.2500000  -0.5000000  -0.2500000), wk =   0.0937500
        k(   13) = (  -0.5000000  -0.5000000  -0.5000000), wk =   0.0156250

     Dense  grid:    64627 G-vectors     FFT dimensions: (  80,  80,  80)

     Smooth grid:    16817 G-vectors     FFT dimensions: (  50,  50,  50)

     Dynamical RAM for                 wfc:       0.94 MB

     Dynamical RAM for     wfc (w. buffer):      25.27 MB

     Dynamical RAM for             U proj.:       0.52 MB

     Dynamical RAM for  U proj. (w. buff.):      13.94 MB

     Dynamical RAM for           str. fact:       2.96 MB

     Dynamical RAM for           local pot:       0.00 MB

     Dynamical RAM for          nlocal pot:       2.00 MB

     Dynamical RAM for                qrad:       6.02 MB

     Dynamical RAM for          rho,v,vnew:      29.35 MB

     Dynamical RAM for               rhoin:       9.78 MB

     Dynamical RAM for            rho*nmix:      31.56 MB

     Dynamical RAM for           G-vectors:       3.83 MB

     Dynamical RAM for          h,s,v(r/c):       0.15 MB

     Dynamical RAM for          <psi|beta>:       0.03 MB

     Dynamical RAM for                 psi:       1.87 MB

     Dynamical RAM for                hpsi:       1.87 MB

     Dynamical RAM for                spsi:       1.87 MB

     Dynamical RAM for      wfcinit/wfcrot:       2.22 MB

     Dynamical RAM for           addusdens:     186.38 MB

     Dynamical RAM for          addusforce:     188.37 MB

     Dynamical RAM for         addusstress:     199.69 MB

     Estimated static dynamical RAM per process >     120.54 MB

     Estimated max dynamical RAM per process >     351.78 MB

     WARNING: libxc functional with ID  101 depends
      on external parameters: check the user_guide of
      QE if you need to modify them or to check their
      default values.

     WARNING: libxc functional with ID  130 depends
      on external parameters: check the user_guide of
      QE if you need to modify them or to check their
      default values.

     Check: negative core charge=   -0.000010
     Generating pointlists ...
     new r_m :   0.2063 (alat units)  1.6253 (a.u.) for type    1
     new r_m :   0.2022 (alat units)  1.5934 (a.u.) for type    2
     new r_m :   0.2022 (alat units)  1.5934 (a.u.) for type    3

     Initial potential from superposition of free atoms

     starting charge      44.0000, renormalised to      48.0000

     HUBBARD ENERGY =    0.7056  (Ry)

     STARTING HUBBARD OCCUPATIONS:

     =================== HUBBARD OCCUPATIONS ===================
     ------------------------ ATOM    1 ------------------------
     Tr[ns(  1)] (up, down, total) =   5.00000  3.00000  8.00000
     Atomic magnetic moment for atom   1 =   2.00000
     SPIN  1
     eigenvalues:
       1.000  1.000  1.000  1.000  1.000
     eigenvectors (columns):
       1.000  0.000  0.000  0.000  0.000
       0.000  1.000  0.000  0.000  0.000
       0.000  0.000  1.000  0.000  0.000
       0.000  0.000  0.000  1.000  0.000
       0.000  0.000  0.000  0.000  1.000
     occupation matrix ns (before diag.):
       1.000  0.000  0.000  0.000  0.000
       0.000  1.000  0.000  0.000  0.000
       0.000  0.000  1.000  0.000  0.000
       0.000  0.000  0.000  1.000  0.000
       0.000  0.000  0.000  0.000  1.000
     SPIN  2
     eigenvalues:
       0.600  0.600  0.600  0.600  0.600
     eigenvectors (columns):
       1.000  0.000  0.000  0.000  0.000
       0.000  1.000  0.000  0.000  0.000
       0.000  0.000  1.000  0.000  0.000
       0.000  0.000  0.000  1.000  0.000
       0.000  0.000  0.000  0.000  1.000
     occupation matrix ns (before diag.):
       0.600  0.000  0.000  0.000  0.000
       0.000  0.600  0.000  0.000  0.000
       0.000  0.000  0.600  0.000  0.000
       0.000  0.000  0.000  0.600  0.000
       0.000  0.000  0.000  0.000  0.600
     ------------------------ ATOM    2 ------------------------
     Tr[ns(  2)] (up, down, total) =   3.00000  5.00000  8.00000
     Atomic magnetic moment for atom   2 =  -2.00000
     SPIN  1
     eigenvalues:
       0.600  0.600  0.600  0.600  0.600
     eigenvectors (columns):
       1.000  0.000  0.000  0.000  0.000
       0.000  1.000  0.000  0.000  0.000
       0.000  0.000  1.000  0.000  0.000
       0.000  0.000  0.000  1.000  0.000
       0.000  0.000  0.000  0.000  1.000
     occupation matrix ns (before diag.):
       0.600  0.000  0.000  0.000  0.000
       0.000  0.600  0.000  0.000  0.000
       0.000  0.000  0.600  0.000  0.000
       0.000  0.000  0.000  0.600  0.000
       0.000  0.000  0.000  0.000  0.600
     SPIN  2
     eigenvalues:
       1.000  1.000  1.000  1.000  1.000
     eigenvectors (columns):
       1.000  0.000  0.000  0.000  0.000
       0.000  1.000  0.000  0.000  0.000
       0.000  0.000  1.000  0.000  0.000
       0.000  0.000  0.000  1.000  0.000
       0.000  0.000  0.000  0.000  1.000
     occupation matrix ns (before diag.):
       1.000  0.000  0.000  0.000  0.000
       0.000  1.000  0.000  0.000  0.000
       0.000  0.000  1.000  0.000  0.000
       0.000  0.000  0.000  1.000  0.000
       0.000  0.000  0.000  0.000  1.000
     ------------------------ ATOM    3 ------------------------
     Tr[ns(  3)] (up, down, total) =   2.00000  2.00000  4.00000
     Atomic magnetic moment for atom   3 =   0.00000
     SPIN  1
     eigenvalues:
       0.667  0.667  0.667
     eigenvectors (columns):
       1.000  0.000  0.000
       0.000  1.000  0.000
       0.000  0.000  1.000
     occupation matrix ns (before diag.):
       0.667  0.000  0.000
       0.000  0.667  0.000
       0.000  0.000  0.667
     SPIN  2
     eigenvalues:
       0.667  0.667  0.667
     eigenvectors (columns):
       1.000  0.000  0.000
       0.000  1.000  0.000
       0.000  0.000  1.000
     occupation matrix ns (before diag.):
       0.667  0.000  0.000
       0.000  0.667  0.000
       0.000  0.000  0.667
     ------------------------ ATOM    4 ------------------------
     Tr[ns(  4)] (up, down, total) =   2.00000  2.00000  4.00000
     Atomic magnetic moment for atom   4 =   0.00000
     SPIN  1
     eigenvalues:
       0.667  0.667  0.667
     eigenvectors (columns):
       1.000  0.000  0.000
       0.000  1.000  0.000
       0.000  0.000  1.000
     occupation matrix ns (before diag.):
       0.667  0.000  0.000
       0.000  0.667  0.000
       0.000  0.000  0.667
     SPIN  2
     eigenvalues:
       0.667  0.667  0.667
     eigenvectors (columns):
       1.000  0.000  0.000
       0.000  1.000  0.000
       0.000  0.000  1.000
     occupation matrix ns (before diag.):
       0.667  0.000  0.000
       0.000  0.667  0.000
       0.000  0.000  0.667

     Number of occupied Hubbard levels =   24.0000

     Atomic wfc used for Hubbard projectors are NOT orthogonalized

     Starting wfcs are   34 randomized atomic wfcs

     total cpu time spent up to now is        3.8 secs

     per-process dynamical memory:   350.5 Mb

     Self-consistent Calculation

     iteration #  1     ecut=    64.00 Ry     beta= 0.25
     Davidson diagonalization with overlap

---- Real-time Memory Report at c_bands before calling an iterative solver
           291 MiB given to the printing process from OS
           351 MiB allocation reported by mallinfo(arena+hblkhd)
         49329 MiB available memory on the node where the printing process lives
------------------
     ethr =  1.00E-02,  avg # of iterations =  3.4

     =================== HUBBARD OCCUPATIONS ===================
     ------------------------ ATOM    1 ------------------------
     Tr[ns(  1)] (up, down, total) =   3.74005  1.01568  4.75573
     Atomic magnetic moment for atom   1 =   2.72437
     SPIN  1
     eigenvalues:
       0.709  0.714  0.714  0.801  0.801
     eigenvectors (columns):
       0.000  0.150 -0.012 -0.047 -0.988
       0.577 -0.456 -0.666 -0.109 -0.056
       0.577 -0.349  0.728  0.103 -0.066
      -0.000  0.012  0.150 -0.988  0.047
      -0.577 -0.805  0.062 -0.006 -0.123
     occupation matrix ns (before diag.):
       0.799  0.005  0.005  0.000  0.011
       0.005  0.714 -0.002  0.009  0.002
       0.005 -0.002  0.714 -0.009  0.002
       0.000  0.009 -0.009  0.799 -0.000
       0.011  0.002  0.002 -0.000  0.714
     SPIN  2
     eigenvalues:
       0.102  0.102  0.263  0.263  0.287
     eigenvectors (columns):
      -0.196 -0.981  0.014 -0.005  0.000
      -0.009  0.008  0.612  0.541 -0.577
       0.011  0.004  0.163 -0.800 -0.577
       0.981 -0.196  0.005  0.014 -0.000
       0.002  0.011  0.774 -0.259  0.577
     occupation matrix ns (before diag.):
       0.102  0.001  0.001  0.000  0.002
       0.001  0.271  0.008  0.002 -0.008
       0.001  0.008  0.271 -0.002 -0.008
       0.000  0.002 -0.002  0.102 -0.000
       0.002 -0.008 -0.008 -0.000  0.271
     ------------------------ ATOM    2 ------------------------
     Tr[ns(  2)] (up, down, total) =   0.95506  3.66398  4.61904
     Atomic magnetic moment for atom   2 =  -2.70892
     SPIN  1
     eigenvalues:
       0.093  0.093  0.244  0.244  0.281
     eigenvectors (columns):
       0.231  0.973 -0.012  0.003  0.000
      -0.007  0.007  0.582  0.573 -0.577
       0.010  0.003  0.205 -0.790 -0.577
      -0.973  0.231 -0.003 -0.012 -0.000
       0.002  0.010  0.787 -0.218  0.577
     occupation matrix ns (before diag.):
       0.093 -0.001 -0.001  0.000 -0.002
      -0.001  0.256  0.012 -0.001 -0.012
      -0.001  0.012  0.256  0.001 -0.012
       0.000 -0.001  0.001  0.093 -0.000
      -0.002 -0.012 -0.012 -0.000  0.256
     SPIN  2
     eigenvalues:
       0.702  0.702  0.748  0.748  0.764
     eigenvectors (columns):
      -0.247  0.018 -0.135 -0.959  0.000
       0.345 -0.712 -0.188 -0.076 -0.577
       0.444  0.655  0.160 -0.125 -0.577
       0.018  0.247 -0.959  0.135 -0.000
       0.789 -0.057 -0.028 -0.200  0.577
     occupation matrix ns (before diag.):
       0.745  0.005  0.005  0.000  0.009
       0.005  0.724  0.020  0.008 -0.020
       0.005  0.020  0.724 -0.008 -0.020
       0.000  0.008 -0.008  0.745 -0.000
       0.009 -0.020 -0.020 -0.000  0.724
     ------------------------ ATOM    3 ------------------------
     Tr[ns(  3)] (up, down, total) =   2.97147  2.97088  5.94235
     Atomic magnetic moment for atom   3 =   0.00059
     SPIN  1
     eigenvalues:
       0.990  0.991  0.991
     eigenvectors (columns):
      -0.577 -0.673  0.463
       0.577 -0.737 -0.351
       0.577  0.064  0.814
     occupation matrix ns (before diag.):
       0.990  0.000  0.000
       0.000  0.990 -0.000
       0.000 -0.000  0.990
     SPIN  2
     eigenvalues:
       0.990  0.990  0.991
     eigenvectors (columns):
       0.666 -0.472 -0.577
       0.742  0.341  0.577
      -0.075 -0.813  0.577
     occupation matrix ns (before diag.):
       0.990 -0.000 -0.000
      -0.000  0.990  0.000
      -0.000  0.000  0.990
     ------------------------ ATOM    4 ------------------------
     Tr[ns(  4)] (up, down, total) =   2.97169  2.97064  5.94232
     Atomic magnetic moment for atom   4 =   0.00105
     SPIN  1
     eigenvalues:
       0.990  0.990  0.991
     eigenvectors (columns):
       0.658 -0.483 -0.577
       0.747  0.329  0.577
      -0.089 -0.812  0.577
     occupation matrix ns (before diag.):
       0.991 -0.000 -0.000
      -0.000  0.991  0.000
      -0.000  0.000  0.991
     SPIN  2
     eigenvalues:
       0.990  0.990  0.990
     eigenvectors (columns):
       0.669 -0.468 -0.577
       0.740  0.346  0.577
      -0.070 -0.813  0.577
     occupation matrix ns (before diag.):
       0.990 -0.000 -0.000
      -0.000  0.990  0.000
      -0.000  0.000  0.990

     Number of occupied Hubbard levels =   21.2594

     HUBBARD ENERGY =    0.9115  (Ry)

     total cpu time spent up to now is       15.1 secs

     total energy              =    -739.78329711 Ry
     estimated scf accuracy    <      51.07997294 Ry

     total magnetization       =    -0.09 Bohr mag/cell
     absolute magnetization    =     5.91 Bohr mag/cell

     iteration #  2     ecut=    64.00 Ry     beta= 0.25
     Davidson diagonalization with overlap

---- Real-time Memory Report at c_bands before calling an iterative solver
           393 MiB given to the printing process from OS
           528 MiB allocation reported by mallinfo(arena+hblkhd)
         49261 MiB available memory on the node where the printing process lives
------------------
     ethr =  1.00E-02,  avg # of iterations =  4.2

     =================== HUBBARD OCCUPATIONS ===================
     ------------------------ ATOM    1 ------------------------
     Tr[ns(  1)] (up, down, total) =   4.97653  4.80085  9.77738
     Atomic magnetic moment for atom   1 =   0.17569
     SPIN  1
     eigenvalues:
       0.990  0.990  0.999  0.999  0.999
     eigenvectors (columns):
      -0.185 -0.983  0.000  0.006  0.002
      -0.004  0.003 -0.577  0.581 -0.574
       0.005  0.002 -0.577  0.207  0.790
       0.983 -0.185 -0.000  0.002 -0.006
       0.001  0.005  0.577  0.787  0.216
     occupation matrix ns (before diag.):
       0.990  0.000  0.000  0.000  0.000
       0.000  0.999 -0.000  0.000  0.000
       0.000 -0.000  0.999 -0.000  0.000
       0.000  0.000 -0.000  0.990 -0.000
       0.000  0.000  0.000 -0.000  0.999
     SPIN  2
     eigenvalues:
       0.915  0.915  0.988  0.992  0.992
     eigenvectors (columns):
      -0.188 -0.982 -0.000 -0.001  0.000
      -0.001  0.001  0.577 -0.615 -0.537
       0.001  0.000  0.577 -0.157  0.801
       0.982 -0.188  0.000 -0.000 -0.001
       0.000  0.001 -0.577 -0.773  0.264
     occupation matrix ns (before diag.):
       0.915  0.000  0.000  0.000  0.000
       0.000  0.990 -0.001  0.000  0.001
       0.000 -0.001  0.990 -0.000  0.001
       0.000  0.000 -0.000  0.915 -0.000
       0.000  0.001  0.001 -0.000  0.990
     ------------------------ ATOM    2 ------------------------
     Tr[ns(  2)] (up, down, total) =   4.84638  4.97904  9.82543
     Atomic magnetic moment for atom   2 =  -0.13266
     SPIN  1
     eigenvalues:
       0.933  0.933  0.992  0.994  0.994
     eigenvectors (columns):
       0.179 -0.984 -0.000  0.018 -0.006
      -0.012 -0.010  0.577 -0.617 -0.534
       0.015 -0.005  0.577 -0.154  0.802
      -0.984 -0.179  0.000  0.006  0.018
       0.003 -0.016 -0.577 -0.771  0.267
     occupation matrix ns (before diag.):
       0.933 -0.000 -0.000  0.000 -0.001
      -0.000  0.993 -0.001 -0.001  0.001
      -0.000 -0.001  0.993  0.001  0.001
       0.000 -0.001  0.001  0.933 -0.000
      -0.001  0.001  0.001 -0.000  0.993
     SPIN  2
     eigenvalues:
       0.990  0.990  0.999  0.999  0.999
     eigenvectors (columns):
      -0.165 -0.986  0.000 -0.020 -0.007
       0.013 -0.011  0.577  0.613 -0.539
      -0.016 -0.006  0.577  0.161  0.800
       0.986 -0.165  0.000 -0.007  0.020
      -0.003 -0.017 -0.577  0.774  0.261
     occupation matrix ns (before diag.):
       0.990 -0.000 -0.000  0.000 -0.000
      -0.000  0.999 -0.000 -0.000  0.000
      -0.000 -0.000  0.999  0.000  0.000
       0.000 -0.000  0.000  0.990 -0.000
      -0.000  0.000  0.000 -0.000  0.999
     ------------------------ ATOM    3 ------------------------
     Tr[ns(  3)] (up, down, total) =   2.02687  2.00945  4.03631
     Atomic magnetic moment for atom   3 =   0.01742
     SPIN  1
     eigenvalues:
       0.658  0.685  0.685
     eigenvectors (columns):
      -0.577  0.707  0.408
       0.577  0.707 -0.408
       0.577  0.000  0.816
     occupation matrix ns (before diag.):
       0.676  0.009  0.009
       0.009  0.676 -0.009
       0.009 -0.009  0.676
     SPIN  2
     eigenvalues:
       0.647  0.681  0.681
     eigenvectors (columns):
      -0.577  0.707  0.408
       0.577  0.707 -0.408
       0.577  0.000  0.816
     occupation matrix ns (before diag.):
       0.670  0.011  0.011
       0.011  0.670 -0.011
       0.011 -0.011  0.670
     ------------------------ ATOM    4 ------------------------
     Tr[ns(  4)] (up, down, total) =   2.02752  2.01508  4.04259
     Atomic magnetic moment for atom   4 =   0.01244
     SPIN  1
     eigenvalues:
       0.657  0.685  0.685
     eigenvectors (columns):
      -0.577 -0.666  0.473
       0.577 -0.742 -0.340
       0.577  0.077  0.813
     occupation matrix ns (before diag.):
       0.676  0.009  0.009
       0.009  0.676 -0.009
       0.009 -0.009  0.676
     SPIN  2
     eigenvalues:
       0.648  0.683  0.683
     eigenvectors (columns):
      -0.577 -0.739  0.348
       0.577 -0.671 -0.465
       0.577 -0.068  0.814
     occupation matrix ns (before diag.):
       0.672  0.012  0.012
       0.012  0.672 -0.012
       0.012 -0.012  0.672

     Number of occupied Hubbard levels =   27.6817

     HUBBARD ENERGY =    0.8628  (Ry)

     total cpu time spent up to now is       29.7 secs

     total energy              =    -749.06171631 Ry
     estimated scf accuracy    <       9.87135338 Ry

     total magnetization       =     0.08 Bohr mag/cell
     absolute magnetization    =     0.66 Bohr mag/cell

     iteration #  3     ecut=    64.00 Ry     beta= 0.25
     Davidson diagonalization with overlap

---- Real-time Memory Report at c_bands before calling an iterative solver
           426 MiB given to the printing process from OS
           915 MiB allocation reported by mallinfo(arena+hblkhd)
         49225 MiB available memory on the node where the printing process lives
------------------
     ethr =  1.00E-02,  avg # of iterations =  2.0

     =================== HUBBARD OCCUPATIONS ===================
     ------------------------ ATOM    1 ------------------------
     Tr[ns(  1)] (up, down, total) =   4.94842  3.44194  8.39036
     Atomic magnetic moment for atom   1 =   1.50648
     SPIN  1
     eigenvalues:
       0.986  0.986  0.992  0.992  0.992
     eigenvectors (columns):
      -0.200 -0.980 -0.000 -0.017  0.006
      -0.011  0.010  0.577 -0.607 -0.546
       0.014  0.005  0.577 -0.170  0.799
       0.980 -0.200  0.000 -0.006 -0.017
       0.003  0.015 -0.577 -0.776  0.252
     occupation matrix ns (before diag.):
       0.986  0.000  0.000  0.000  0.000
       0.000  0.992 -0.000  0.000  0.000
       0.000 -0.000  0.992 -0.000  0.000
       0.000  0.000 -0.000  0.986 -0.000
       0.000  0.000  0.000 -0.000  0.992
     SPIN  2
     eigenvalues:
       0.259  0.259  0.975  0.975  0.975
     eigenvectors (columns):
       0.293 -0.956  0.014 -0.005 -0.000
       0.008  0.009  0.615  0.537 -0.577
      -0.012  0.003  0.158 -0.801 -0.577
      -0.956 -0.293  0.005  0.014 -0.000
      -0.004  0.012  0.773 -0.264  0.577
     occupation matrix ns (before diag.):
       0.259  0.004  0.004  0.000  0.009
       0.004  0.975  0.000  0.008 -0.000
       0.004  0.000  0.975 -0.008 -0.000
       0.000  0.008 -0.008  0.259 -0.000
       0.009 -0.000 -0.000 -0.000  0.975
     ------------------------ ATOM    2 ------------------------
     Tr[ns(  2)] (up, down, total) =   3.50005  4.94866  8.44871
     Atomic magnetic moment for atom   2 =  -1.44861
     SPIN  1
     eigenvalues:
       0.290  0.290  0.973  0.973  0.974
     eigenvectors (columns):
      -0.161  0.987 -0.003 -0.001 -0.000
      -0.002 -0.002 -0.616  0.536 -0.577
       0.003 -0.001 -0.157 -0.801 -0.577
       0.987  0.161 -0.001  0.003 -0.000
       0.000 -0.003 -0.772 -0.265  0.577
     occupation matrix ns (before diag.):
       0.290  0.001  0.001  0.000  0.002
       0.001  0.973  0.000  0.002 -0.000
       0.001  0.000  0.973 -0.002 -0.000
       0.000  0.002 -0.002  0.290 -0.000
       0.002 -0.000 -0.000 -0.000  0.973
     SPIN  2
     eigenvalues:
       0.985  0.985  0.993  0.993  0.993
     eigenvectors (columns):
      -0.179 -0.983  0.000 -0.031 -0.010
       0.021 -0.017  0.577  0.611 -0.541
      -0.025 -0.009  0.577  0.163  0.800
       0.983 -0.179  0.000 -0.010  0.031
      -0.005 -0.026 -0.577  0.774  0.259
     occupation matrix ns (before diag.):
       0.986 -0.000 -0.000  0.000 -0.000
      -0.000  0.993 -0.000 -0.000  0.000
      -0.000 -0.000  0.993  0.000  0.000
       0.000 -0.000  0.000  0.986 -0.000
      -0.000  0.000  0.000 -0.000  0.993
     ------------------------ ATOM    3 ------------------------
     Tr[ns(  3)] (up, down, total) =   2.78224  2.77942  5.56166
     Atomic magnetic moment for atom   3 =   0.00282
     SPIN  1
     eigenvalues:
       0.927  0.927  0.928
     eigenvectors (columns):
       0.707 -0.408 -0.577
       0.707  0.408  0.577
       0.000 -0.816  0.577
     occupation matrix ns (before diag.):
       0.927 -0.000 -0.000
      -0.000  0.927  0.000
      -0.000  0.000  0.927
     SPIN  2
     eigenvalues:
       0.925  0.925  0.929
     eigenvectors (columns):
       0.684 -0.446 -0.577
       0.728  0.370  0.577
      -0.044 -0.815  0.577
     occupation matrix ns (before diag.):
       0.926 -0.001 -0.001
      -0.001  0.926  0.001
      -0.001  0.001  0.926
     ------------------------ ATOM    4 ------------------------
     Tr[ns(  4)] (up, down, total) =   2.76582  2.79382  5.55964
     Atomic magnetic moment for atom   4 =  -0.02800
     SPIN  1
     eigenvalues:
       0.919  0.919  0.928
     eigenvectors (columns):
       0.682 -0.449 -0.577
       0.730  0.366  0.577
      -0.048 -0.815  0.577
     occupation matrix ns (before diag.):
       0.922 -0.003 -0.003
      -0.003  0.922  0.003
      -0.003  0.003  0.922
     SPIN  2
     eigenvalues:
       0.928  0.933  0.933
     eigenvectors (columns):
      -0.577 -0.666  0.472
       0.577 -0.742 -0.341
       0.577  0.076  0.813
     occupation matrix ns (before diag.):
       0.931  0.001  0.001
       0.001  0.931 -0.001
       0.001 -0.001  0.931

     Number of occupied Hubbard levels =   27.9604

     HUBBARD ENERGY =    0.7915  (Ry)

     total cpu time spent up to now is       37.9 secs

     total energy              =    -750.51753921 Ry
     estimated scf accuracy    <       0.64205925 Ry

     total magnetization       =     0.00 Bohr mag/cell
     absolute magnetization    =     3.39 Bohr mag/cell

     iteration #  4     ecut=    64.00 Ry     beta= 0.25
     Davidson diagonalization with overlap

---- Real-time Memory Report at c_bands before calling an iterative solver
           440 MiB given to the printing process from OS
          1109 MiB allocation reported by mallinfo(arena+hblkhd)
         49211 MiB available memory on the node where the printing process lives
------------------
     ethr =  1.34E-03,  avg # of iterations =  1.8

     =================== HUBBARD OCCUPATIONS ===================
     ------------------------ ATOM    1 ------------------------
     Tr[ns(  1)] (up, down, total) =   4.96643  3.49164  8.45807
     Atomic magnetic moment for atom   1 =   1.47479
     SPIN  1
     eigenvalues:
       0.992  0.992  0.994  0.994  0.994
     eigenvectors (columns):
       0.212  0.977 -0.000  0.009  0.003
       0.006 -0.005  0.577  0.599 -0.555
      -0.007 -0.002  0.577  0.181  0.796
      -0.977  0.212  0.000  0.003 -0.009
      -0.002 -0.008 -0.577  0.780  0.241
     occupation matrix ns (before diag.):
       0.992  0.000  0.000  0.000  0.000
       0.000  0.994 -0.000  0.000  0.000
       0.000 -0.000  0.994 -0.000  0.000
       0.000  0.000 -0.000  0.992 -0.000
       0.000  0.000  0.000 -0.000  0.994
     SPIN  2
     eigenvalues:
       0.269  0.269  0.984  0.984  0.984
     eigenvectors (columns):
       0.144  0.990  0.012 -0.004 -0.000
       0.008 -0.006  0.611  0.542 -0.577
      -0.009 -0.004  0.164 -0.800 -0.577
      -0.990  0.144  0.004  0.012 -0.000
      -0.001 -0.010  0.775 -0.258  0.577
     occupation matrix ns (before diag.):
       0.269  0.004  0.004  0.000  0.007
       0.004  0.984  0.000  0.006 -0.000
       0.004  0.000  0.984 -0.006 -0.000
       0.000  0.006 -0.006  0.269 -0.000
       0.007 -0.000 -0.000 -0.000  0.984
     ------------------------ ATOM    2 ------------------------
     Tr[ns(  2)] (up, down, total) =   3.48770  4.95618  8.44388
     Atomic magnetic moment for atom   2 =  -1.46848
     SPIN  1
     eigenvalues:
       0.269  0.269  0.983  0.983  0.983
     eigenvectors (columns):
       0.104 -0.995  0.002  0.001  0.000
      -0.001 -0.001 -0.572  0.583 -0.577
       0.002 -0.001 -0.219 -0.787 -0.577
      -0.995 -0.104  0.001 -0.002 -0.000
       0.000 -0.002 -0.791 -0.204  0.577
     occupation matrix ns (before diag.):
       0.269 -0.001 -0.001  0.000 -0.001
      -0.001  0.983  0.000 -0.001 -0.000
      -0.001  0.000  0.983  0.001 -0.000
       0.000 -0.001  0.001  0.269 -0.000
      -0.001 -0.000 -0.000 -0.000  0.983
     SPIN  2
     eigenvalues:
       0.987  0.987  0.994  0.994  0.994
     eigenvectors (columns):
       0.011 -0.999  0.000  0.032 -0.007
      -0.023 -0.014  0.577 -0.558 -0.596
       0.023 -0.013  0.577 -0.237  0.781
      -0.999 -0.011  0.000  0.007  0.032
       0.000 -0.027 -0.577 -0.795  0.185
     occupation matrix ns (before diag.):
       0.987 -0.000 -0.000  0.000 -0.000
      -0.000  0.994 -0.000 -0.000  0.000
      -0.000 -0.000  0.994  0.000  0.000
       0.000 -0.000  0.000  0.987 -0.000
      -0.000  0.000  0.000 -0.000  0.994
     ------------------------ ATOM    3 ------------------------
     Tr[ns(  3)] (up, down, total) =   2.79110  2.77265  5.56375
     Atomic magnetic moment for atom   3 =   0.01845
     SPIN  1
     eigenvalues:
       0.930  0.930  0.930
     eigenvectors (columns):
      -0.577  0.707  0.408
       0.577  0.707 -0.408
       0.577  0.000  0.816
     occupation matrix ns (before diag.):
       0.930  0.000  0.000
       0.000  0.930 -0.000
       0.000 -0.000  0.930
     SPIN  2
     eigenvalues:
       0.923  0.923  0.926
     eigenvectors (columns):
       0.659 -0.482 -0.577
       0.747  0.330  0.577
      -0.088 -0.812  0.577
     occupation matrix ns (before diag.):
       0.924 -0.001 -0.001
      -0.001  0.924  0.001
      -0.001  0.001  0.924
     ------------------------ ATOM    4 ------------------------
     Tr[ns(  4)] (up, down, total) =   2.77761  2.78658  5.56418
     Atomic magnetic moment for atom   4 =  -0.00897
     SPIN  1
     eigenvalues:
       0.923  0.923  0.932
     eigenvectors (columns):
       0.726 -0.373 -0.577
       0.686  0.442  0.577
       0.040 -0.816  0.577
     occupation matrix ns (before diag.):
       0.926 -0.003 -0.003
      -0.003  0.926  0.003
      -0.003  0.003  0.926
     SPIN  2
     eigenvalues:
       0.925  0.931  0.931
     eigenvectors (columns):
      -0.577 -0.742  0.341
       0.577 -0.666 -0.472
       0.577 -0.076  0.813
     occupation matrix ns (before diag.):
       0.929  0.002  0.002
       0.002  0.929 -0.002
       0.002 -0.002  0.929

     Number of occupied Hubbard levels =   28.0299

     HUBBARD ENERGY =    0.5161  (Ry)

     total cpu time spent up to now is       45.0 secs

     total energy              =    -750.71627836 Ry
     estimated scf accuracy    <       0.33043616 Ry

