
     Program PWSCF v.7.0 starts on 31May2022 at 13:13:11 
        Git branch: develop
        Last git commit: 855c068f57a7bf264a98e23fae2c102c47574996
        Last git commit date: Fri May 27 21:05:14 2022 +0000
        Last git commit subject: Merge branch 'smallthings' into 'develop'

     This program is part of the open-source Quantum ESPRESSO suite
     for quantum simulation of materials; please cite
         "P. Giannozzi et al., J. Phys.:Condens. Matter 21 395502 (2009);
         "P. Giannozzi et al., J. Phys.:Condens. Matter 29 465901 (2017);
         "P. Giannozzi et al., J. Chem. Phys. 152 154105 (2020);
          URL http://www.quantum-espresso.org", 
     in publications or presentations arising from this work. More details at
     http://www.quantum-espresso.org/quote

     Parallel version (MPI & OpenMP), running on      16 processor cores
     Number of MPI processes:                 1
     Threads/MPI process:                    16

     MPI processes distributed on     1 nodes
     48621 MiB available memory on the printing compute node when the environment starts

     Reading input from pw.in

     Current dimensions of program PWSCF are:
     Max number of different atomic species (ntypx) = 10
     Max number of k-points (npk) =  40000
     Max angular momentum in pseudopotentials (lmaxx) =  4

     IMPORTANT: XC functional enforced from input :
     Exchange-correlation= XC-000I-000I-101L-130L-000I-000I
                           (   0   0 101 130   0   0   0)
     Any further DFT definition will be discarded
     Please, verify this is what you really want

     Message from routine setup:
     using ibrav=0 with symmetry is DISCOURAGED, use correct ibrav instead
     First shells distances (in Bohr):
     shell:   1    0.000000
     shell:   2    3.940000
     shell:   3    4.020345
     shell:   4    5.572001
     shell:   5    6.687795
     shell:   6    6.824280
     shell:   7    6.870980

     i    j  dist (Bohr)       stan-stan stan-bac bac-bac bac-stan
     1    1   0.00000000  V =    8.0000   0.0000   0.0000   0.0000
     1    3   3.94000000  V =    0.3000   0.0000   0.0000   0.0000
     1   24   4.02034480  V =    0.3000   0.0000   0.0000   0.0000
     1   27   3.94000000  V =    0.3000   0.0000   0.0000   0.0000
     1   35   3.94000000  V =    0.3000   0.0000   0.0000   0.0000
     1   48   4.02034480  V =    0.3000   0.0000   0.0000   0.0000
     1   56   4.02034480  V =    0.3000   0.0000   0.0000   0.0000
     2    2   0.00000000  V =    8.0000   0.0000   0.0000   0.0000
     2    3   3.94000000  V =    0.3000   0.0000   0.0000   0.0000
     2    4   3.86280783  V =    0.3000   0.0000   0.0000   0.0000
     2   35   3.94000000  V =    0.3000   0.0000   0.0000   0.0000
     2   63   3.94000000  V =    0.3000   0.0000   0.0000   0.0000
     2   64   3.86280783  V =    0.3000   0.0000   0.0000   0.0000
     2   88   3.86280783  V =    0.3000   0.0000   0.0000   0.0000
     3    1   3.94000000  V =    0.3000   0.0000   0.0000   0.0000
     3    2   3.94000000  V =    0.3000   0.0000   0.0000   0.0000
     3    3   0.00000000  V =    0.0000   0.0000   0.0000   0.0000
     3   50   3.94000000  V =    0.3000   0.0000   0.0000   0.0000
     3   77   3.94000000  V =    0.3000   0.0000   0.0000   0.0000
     3   78   3.94000000  V =    0.3000   0.0000   0.0000   0.0000
     3   85   3.94000000  V =    0.3000   0.0000   0.0000   0.0000
     4    2   3.86280783  V =    0.3000   0.0000   0.0000   0.0000
     4    4   0.00000000  V =    0.0000   0.0000   0.0000   0.0000
     4   26   3.86280783  V =    0.3000   0.0000   0.0000   0.0000
     4   50   3.86280783  V =    0.3000   0.0000   0.0000   0.0000
     4   57   4.02034480  V =    0.3000   0.0000   0.0000   0.0000
     4   65   4.02034480  V =    0.3000   0.0000   0.0000   0.0000
     4   89   4.02034480  V =    0.3000   0.0000   0.0000   0.0000

     Subspace diagonalization in iterative solution of the eigenvalue problem:
     a serial algorithm will be used


     G-vector sticks info
     --------------------
     sticks:   dense  smooth     PW     G-vecs:    dense   smooth      PW
     Sum        2567    1045    321                64627    16817    2961

     Using Slab Decomposition



     bravais-lattice index     =            0
     lattice parameter (alat)  =       7.8800  a.u.
     unit-cell volume          =     244.6519 (a.u.)^3
     number of atoms/cell      =            4
     number of atomic types    =            3
     number of electrons       =        48.00
     number of Kohn-Sham states=           29
     kinetic-energy cutoff     =      64.0000  Ry
     charge density cutoff     =     625.0000  Ry
     scf convergence threshold =      1.0E-13
     mixing beta               =       0.2500
     number of iterations used =            8  plain     mixing
     Exchange-correlation= XC-000I-000I-101L-130L-000I-000I
                           (   0   0 101 130   0   0   0)
     Hubbard projectors: ortho-atomic

     Internal variables: lda_plus_u =T, lda_plus_u_kind = 2

     celldm(1)=   7.880000  celldm(2)=   0.000000  celldm(3)=   0.000000
     celldm(4)=   0.000000  celldm(5)=   0.000000  celldm(6)=   0.000000

     crystal axes: (cart. coord. in units of alat)
               a(1) = (   1.000000   0.500000   0.500000 )  
               a(2) = (   0.500000   1.000000   0.500000 )  
               a(3) = (   0.500000   0.500000   1.000000 )  

     reciprocal axes: (cart. coord. in units 2 pi/alat)
               b(1) = (  1.500000 -0.500000 -0.500000 )  
               b(2) = ( -0.500000  1.500000 -0.500000 )  
               b(3) = ( -0.500000 -0.500000  1.500000 )  


     PseudoPot. # 1 for Ni read from file:
     ./ni_pbe_v1.4.uspp.F.UPF
     MD5 check sum: 1ee80287db30b12d2bc1f57a5b5d6409
     Pseudo is Ultrasoft + core correction, Zval = 18.0
     Generated by new atomic code, or converted to UPF format
     Using radial grid of  865 points,  6 beta functions with: 
                l(1) =   0
                l(2) =   0
                l(3) =   1
                l(4) =   1
                l(5) =   2
                l(6) =   2
     Q(r) pseudized with 10 coefficients,  rinner =    0.980   0.980   0.980
                                                       0.980   0.980

     PseudoPot. # 2 for Ni read from file:
     ./ni_pbe_v1.4.uspp.F.UPF
     MD5 check sum: 1ee80287db30b12d2bc1f57a5b5d6409
     Pseudo is Ultrasoft + core correction, Zval = 18.0
     Generated by new atomic code, or converted to UPF format
     Using radial grid of  865 points,  6 beta functions with: 
                l(1) =   0
                l(2) =   0
                l(3) =   1
                l(4) =   1
                l(5) =   2
                l(6) =   2
     Q(r) pseudized with 10 coefficients,  rinner =    0.980   0.980   0.980
                                                       0.980   0.980

     PseudoPot. # 3 for O  read from file:
     ./o_pbe_v1.2.uspp.F.UPF
     MD5 check sum: 734c27235a0248c51dbae37a1fbe46ec
     Pseudo is Ultrasoft + core correction, Zval =  6.0
     Generated by new atomic code, or converted to UPF format
     Using radial grid of  737 points,  5 beta functions with: 
                l(1) =   0
                l(2) =   0
                l(3) =   1
                l(4) =   1
                l(5) =   2
     Q(r) pseudized with  8 coefficients,  rinner =    0.900   0.900   0.900
                                                       0.900   0.900

     atomic species   valence    mass     pseudopotential
        Ni1           18.00     1.00000     Ni( 1.00)
        Ni2           18.00     1.00000     Ni( 1.00)
        O              6.00     1.00000     O ( 1.00)

     Starting magnetic structure 
     atomic species   magnetization
        Ni1          0.100
        Ni2         -0.100
        O            0.000

      6 Sym. Ops. (no inversion) found


                                    s                        frac. trans.

      isym =  1     identity                                     

 cryst.   s( 1) = (     1          0          0      )
                  (     0          1          0      )
                  (     0          0          1      )

 cart.    s( 1) = (  1.0000000  0.0000000  0.0000000 )
                  (  0.0000000  1.0000000  0.0000000 )
                  (  0.0000000  0.0000000  1.0000000 )


      isym =  2     120 deg rotation - cart. axis [-1,-1,-1]     

 cryst.   s( 2) = (     0          0          1      )
                  (     1          0          0      )
                  (     0          1          0      )

 cart.    s( 2) = (  0.0000000  1.0000000  0.0000000 )
                  (  0.0000000  0.0000000  1.0000000 )
                  (  1.0000000  0.0000000  0.0000000 )


      isym =  3     120 deg rotation - cart. axis [1,1,1]        

 cryst.   s( 3) = (     0          1          0      )
                  (     0          0          1      )
                  (     1          0          0      )

 cart.    s( 3) = (  0.0000000  0.0000000  1.0000000 )
                  (  1.0000000  0.0000000  0.0000000 )
                  (  0.0000000  1.0000000  0.0000000 )


      isym =  4     inv. 180 deg rotation - cart. axis [1,-1,0]  

 cryst.   s( 4) = (     0          1          0      )
                  (     1          0          0      )
                  (     0          0          1      )

 cart.    s( 4) = (  0.0000000  1.0000000  0.0000000 )
                  (  1.0000000  0.0000000  0.0000000 )
                  (  0.0000000  0.0000000  1.0000000 )


      isym =  5     inv. 180 deg rotation - cart. axis [-1,0,1]  

 cryst.   s( 5) = (     0          0          1      )
                  (     0          1          0      )
                  (     1          0          0      )

 cart.    s( 5) = (  0.0000000  0.0000000  1.0000000 )
                  (  0.0000000  1.0000000  0.0000000 )
                  (  1.0000000  0.0000000  0.0000000 )


      isym =  6     inv. 180 deg rotation - cart. axis [0,1,-1]  

 cryst.   s( 6) = (     1          0          0      )
                  (     0          0          1      )
                  (     0          1          0      )

 cart.    s( 6) = (  1.0000000  0.0000000  0.0000000 )
                  (  0.0000000  0.0000000  1.0000000 )
                  (  0.0000000  1.0000000  0.0000000 )


   Cartesian axes

     site n.     atom                  positions (alat units)
         1           Ni1 tau(   1) = (  -0.0000000  -0.0000000  -0.0000000  )
         2           Ni2 tau(   2) = (   0.5000000   0.5000000   0.0000000  )
         3           O   tau(   3) = (   0.5000000   0.0000000   0.0000000  )
         4           O   tau(   4) = (   0.4900000   0.4900000   0.4900000  )

   Crystallographic axes

     site n.     atom                  positions (cryst. coord.)
         1           Ni1 tau(   1) = (  0.0000000  0.0000000  0.0000000  )
         2           Ni2 tau(   2) = (  0.5000000  0.5000000 -0.5000000  )
         3           O   tau(   3) = (  0.7500000 -0.2500000 -0.2500000  )
         4           O   tau(   4) = (  0.2450000  0.2450000  0.2450000  )

     number of k points=    13  Gaussian smearing, width (Ry)=  0.0020
                       cart. coord. in units 2pi/alat
        k(    1) = (   0.0000000   0.0000000   0.0000000), wk =   0.0156250
        k(    2) = (  -0.1250000  -0.1250000   0.3750000), wk =   0.0937500
        k(    3) = (   0.2500000   0.2500000  -0.7500000), wk =   0.0468750
        k(    4) = (  -0.2500000   0.2500000   0.2500000), wk =   0.0937500
        k(    5) = (   0.1250000   0.6250000  -0.8750000), wk =   0.1875000
        k(    6) = (   0.0000000   0.5000000  -0.5000000), wk =   0.0937500
        k(    7) = (   0.5000000  -0.5000000  -0.5000000), wk =   0.0468750
        k(    8) = (   0.1250000   0.1250000   0.1250000), wk =   0.0312500
        k(    9) = (   0.5000000   0.5000000  -1.0000000), wk =   0.0937500
        k(   10) = (   0.3750000   0.3750000  -0.6250000), wk =   0.0937500
        k(   11) = (   0.8750000  -0.6250000  -0.6250000), wk =   0.0937500
        k(   12) = (   0.7500000  -0.7500000  -0.2500000), wk =   0.0937500
        k(   13) = (  -0.2500000  -0.2500000  -0.2500000), wk =   0.0156250

                       cryst. coord.
        k(    1) = (   0.0000000   0.0000000   0.0000000), wk =   0.0156250
        k(    2) = (   0.0000000   0.0000000   0.2500000), wk =   0.0937500
        k(    3) = (   0.0000000   0.0000000  -0.5000000), wk =   0.0468750
        k(    4) = (   0.0000000   0.2500000   0.2500000), wk =   0.0937500
        k(    5) = (   0.0000000   0.2500000  -0.5000000), wk =   0.1875000
        k(    6) = (   0.0000000   0.2500000  -0.2500000), wk =   0.0937500
        k(    7) = (   0.0000000  -0.5000000  -0.5000000), wk =   0.0468750
        k(    8) = (   0.2500000   0.2500000   0.2500000), wk =   0.0312500
        k(    9) = (   0.2500000   0.2500000  -0.5000000), wk =   0.0937500
        k(   10) = (   0.2500000   0.2500000  -0.2500000), wk =   0.0937500
        k(   11) = (   0.2500000  -0.5000000  -0.5000000), wk =   0.0937500
        k(   12) = (   0.2500000  -0.5000000  -0.2500000), wk =   0.0937500
        k(   13) = (  -0.5000000  -0.5000000  -0.5000000), wk =   0.0156250

     Dense  grid:    64627 G-vectors     FFT dimensions: (  80,  80,  80)

     Smooth grid:    16817 G-vectors     FFT dimensions: (  50,  50,  50)

     Dynamical RAM for                 wfc:       0.94 MB

     Dynamical RAM for     wfc (w. buffer):      25.27 MB

     Dynamical RAM for             U proj.:       0.52 MB

     Dynamical RAM for  U proj. (w. buff.):      13.94 MB

     Dynamical RAM for           str. fact:       2.96 MB

     Dynamical RAM for           local pot:       0.00 MB

     Dynamical RAM for          nlocal pot:       2.00 MB

     Dynamical RAM for                qrad:       6.02 MB

     Dynamical RAM for          rho,v,vnew:      29.35 MB

     Dynamical RAM for               rhoin:       9.78 MB

     Dynamical RAM for            rho*nmix:      31.56 MB

     Dynamical RAM for           G-vectors:       3.83 MB

     Dynamical RAM for          h,s,v(r/c):       0.15 MB

     Dynamical RAM for          <psi|beta>:       0.03 MB

     Dynamical RAM for                 psi:       1.87 MB

     Dynamical RAM for                hpsi:       1.87 MB

     Dynamical RAM for                spsi:       1.87 MB

     Dynamical RAM for      wfcinit/wfcrot:       2.22 MB

     Dynamical RAM for           addusdens:     186.38 MB

     Dynamical RAM for          addusforce:     188.37 MB

     Dynamical RAM for         addusstress:     199.69 MB

     Estimated static dynamical RAM per process >     120.54 MB

     Estimated max dynamical RAM per process >     351.78 MB

     WARNING: libxc functional with ID  101 depends
      on external parameters: check the user_guide of
      QE if you need to modify them or to check their
      default values.

     WARNING: libxc functional with ID  130 depends
      on external parameters: check the user_guide of
      QE if you need to modify them or to check their
      default values.

     Check: negative core charge=   -0.000010
     Generating pointlists ...
     new r_m :   0.2063 (alat units)  1.6253 (a.u.) for type    1
     new r_m :   0.2022 (alat units)  1.5934 (a.u.) for type    2
     new r_m :   0.2022 (alat units)  1.5934 (a.u.) for type    3

     Initial potential from superposition of free atoms

     starting charge      44.0000, renormalised to      48.0000

     HUBBARD ENERGY =    0.7056  (Ry)

     STARTING HUBBARD OCCUPATIONS:

     =================== HUBBARD OCCUPATIONS ===================
     ------------------------ ATOM    1 ------------------------
     Tr[ns(  1)] (up, down, total) =   5.00000  3.00000  8.00000
     Atomic magnetic moment for atom   1 =   2.00000
     SPIN  1
     eigenvalues:
       1.000  1.000  1.000  1.000  1.000
     eigenvectors (columns):
       1.000  0.000  0.000  0.000  0.000
       0.000  1.000  0.000  0.000  0.000
       0.000  0.000  1.000  0.000  0.000
       0.000  0.000  0.000  1.000  0.000
       0.000  0.000  0.000  0.000  1.000
     occupation matrix ns (before diag.):
       1.000  0.000  0.000  0.000  0.000
       0.000  1.000  0.000  0.000  0.000
       0.000  0.000  1.000  0.000  0.000
       0.000  0.000  0.000  1.000  0.000
       0.000  0.000  0.000  0.000  1.000
     SPIN  2
     eigenvalues:
       0.600  0.600  0.600  0.600  0.600
     eigenvectors (columns):
       1.000  0.000  0.000  0.000  0.000
       0.000  1.000  0.000  0.000  0.000
       0.000  0.000  1.000  0.000  0.000
       0.000  0.000  0.000  1.000  0.000
       0.000  0.000  0.000  0.000  1.000
     occupation matrix ns (before diag.):
       0.600  0.000  0.000  0.000  0.000
       0.000  0.600  0.000  0.000  0.000
       0.000  0.000  0.600  0.000  0.000
       0.000  0.000  0.000  0.600  0.000
       0.000  0.000  0.000  0.000  0.600
     ------------------------ ATOM    2 ------------------------
     Tr[ns(  2)] (up, down, total) =   3.00000  5.00000  8.00000
     Atomic magnetic moment for atom   2 =  -2.00000
     SPIN  1
     eigenvalues:
       0.600  0.600  0.600  0.600  0.600
     eigenvectors (columns):
       1.000  0.000  0.000  0.000  0.000
       0.000  1.000  0.000  0.000  0.000
       0.000  0.000  1.000  0.000  0.000
       0.000  0.000  0.000  1.000  0.000
       0.000  0.000  0.000  0.000  1.000
     occupation matrix ns (before diag.):
       0.600  0.000  0.000  0.000  0.000
       0.000  0.600  0.000  0.000  0.000
       0.000  0.000  0.600  0.000  0.000
       0.000  0.000  0.000  0.600  0.000
       0.000  0.000  0.000  0.000  0.600
     SPIN  2
     eigenvalues:
       1.000  1.000  1.000  1.000  1.000
     eigenvectors (columns):
       1.000  0.000  0.000  0.000  0.000
       0.000  1.000  0.000  0.000  0.000
       0.000  0.000  1.000  0.000  0.000
       0.000  0.000  0.000  1.000  0.000
       0.000  0.000  0.000  0.000  1.000
     occupation matrix ns (before diag.):
       1.000  0.000  0.000  0.000  0.000
       0.000  1.000  0.000  0.000  0.000
       0.000  0.000  1.000  0.000  0.000
       0.000  0.000  0.000  1.000  0.000
       0.000  0.000  0.000  0.000  1.000
     ------------------------ ATOM    3 ------------------------
     Tr[ns(  3)] (up, down, total) =   2.00000  2.00000  4.00000
     Atomic magnetic moment for atom   3 =   0.00000
     SPIN  1
     eigenvalues:
       0.667  0.667  0.667
     eigenvectors (columns):
       1.000  0.000  0.000
       0.000  1.000  0.000
       0.000  0.000  1.000
     occupation matrix ns (before diag.):
       0.667  0.000  0.000
       0.000  0.667  0.000
       0.000  0.000  0.667
     SPIN  2
     eigenvalues:
       0.667  0.667  0.667
     eigenvectors (columns):
       1.000  0.000  0.000
       0.000  1.000  0.000
       0.000  0.000  1.000
     occupation matrix ns (before diag.):
       0.667  0.000  0.000
       0.000  0.667  0.000
       0.000  0.000  0.667
     ------------------------ ATOM    4 ------------------------
     Tr[ns(  4)] (up, down, total) =   2.00000  2.00000  4.00000
     Atomic magnetic moment for atom   4 =   0.00000
     SPIN  1
     eigenvalues:
       0.667  0.667  0.667
     eigenvectors (columns):
       1.000  0.000  0.000
       0.000  1.000  0.000
       0.000  0.000  1.000
     occupation matrix ns (before diag.):
       0.667  0.000  0.000
       0.000  0.667  0.000
       0.000  0.000  0.667
     SPIN  2
     eigenvalues:
       0.667  0.667  0.667
     eigenvectors (columns):
       1.000  0.000  0.000
       0.000  1.000  0.000
       0.000  0.000  1.000
     occupation matrix ns (before diag.):
       0.667  0.000  0.000
       0.000  0.667  0.000
       0.000  0.000  0.667

     Number of occupied Hubbard levels =   24.0000

     Atomic wfc used for Hubbard projectors are orthogonalized

     Starting wfcs are   34 randomized atomic wfcs

     total cpu time spent up to now is        3.7 secs

     per-process dynamical memory:   350.5 Mb

     Self-consistent Calculation

     iteration #  1     ecut=    64.00 Ry     beta= 0.25
     Davidson diagonalization with overlap

---- Real-time Memory Report at c_bands before calling an iterative solver
           291 MiB given to the printing process from OS
           351 MiB allocation reported by mallinfo(arena+hblkhd)
         48488 MiB available memory on the node where the printing process lives
------------------
     ethr =  1.00E-02,  avg # of iterations =  3.5

     =================== HUBBARD OCCUPATIONS ===================
     ------------------------ ATOM    1 ------------------------
     Tr[ns(  1)] (up, down, total) =   3.71680  0.84730  4.56410
     Atomic magnetic moment for atom   1 =   2.86950
     SPIN  1
     eigenvalues:
       0.698  0.698  0.704  0.808  0.808
     eigenvectors (columns):
       0.161 -0.007  0.000 -0.065  0.985
      -0.432 -0.680 -0.577 -0.118  0.058
      -0.373  0.714 -0.577  0.109  0.073
       0.007  0.161  0.000 -0.985 -0.065
      -0.805  0.034  0.577 -0.009  0.131
     occupation matrix ns (before diag.):
       0.806  0.007  0.007  0.000  0.014
       0.007  0.702  0.001  0.012 -0.001
       0.007  0.001  0.702 -0.012 -0.001
       0.000  0.012 -0.012  0.806 -0.000
       0.014 -0.001 -0.001 -0.000  0.702
     SPIN  2
     eigenvalues:
       0.065  0.065  0.233  0.233  0.251
     eigenvectors (columns):
      -0.164 -0.986  0.017 -0.005  0.000
      -0.011  0.009  0.590  0.565 -0.577
       0.013  0.005  0.194 -0.793 -0.577
       0.986 -0.164  0.005  0.017 -0.000
       0.002  0.014  0.784 -0.228  0.577
     occupation matrix ns (before diag.):
       0.065  0.001  0.001  0.000  0.002
       0.001  0.239  0.006  0.002 -0.006
       0.001  0.006  0.239 -0.002 -0.006
       0.000  0.002 -0.002  0.065 -0.000
       0.002 -0.006 -0.006 -0.000  0.239
     ------------------------ ATOM    2 ------------------------
     Tr[ns(  2)] (up, down, total) =   0.77175  3.62532  4.39706
     Atomic magnetic moment for atom   2 =  -2.85357
     SPIN  1
     eigenvalues:
       0.055  0.055  0.206  0.206  0.250
     eigenvectors (columns):
       0.027  1.000 -0.010  0.002  0.000
      -0.007  0.004  0.558  0.596 -0.577
       0.007  0.004  0.237 -0.781 -0.577
      -1.000  0.027 -0.002 -0.010 -0.000
       0.000  0.008  0.795 -0.186  0.577
     occupation matrix ns (before diag.):
       0.055 -0.001 -0.001  0.000 -0.001
      -0.001  0.220  0.015 -0.001 -0.015
      -0.001  0.015  0.220  0.001 -0.015
       0.000 -0.001  0.001  0.055 -0.000
      -0.001 -0.015 -0.015 -0.000  0.220
     SPIN  2
     eigenvalues:
       0.687  0.687  0.747  0.747  0.756
     eigenvectors (columns):
      -0.247  0.022 -0.244 -0.938  0.000
       0.334 -0.717 -0.195 -0.054 -0.577
       0.454  0.648  0.144 -0.142 -0.577
       0.022  0.247 -0.938  0.244 -0.000
       0.788 -0.069 -0.051 -0.196  0.577
     occupation matrix ns (before diag.):
       0.744  0.006  0.006  0.000  0.012
       0.006  0.713  0.022  0.010 -0.022
       0.006  0.022  0.713 -0.010 -0.022
       0.000  0.010 -0.010  0.744 -0.000
       0.012 -0.022 -0.022 -0.000  0.713
     ------------------------ ATOM    3 ------------------------
     Tr[ns(  3)] (up, down, total) =   2.80473  2.81173  5.61646
     Atomic magnetic moment for atom   3 =  -0.00700
     SPIN  1
     eigenvalues:
       0.935  0.935  0.935
     eigenvectors (columns):
       0.664 -0.475 -0.577
       0.743  0.338  0.577
      -0.079 -0.813  0.577
     occupation matrix ns (before diag.):
       0.935 -0.000 -0.000
      -0.000  0.935  0.000
      -0.000  0.000  0.935
     SPIN  2
     eigenvalues:
       0.935  0.935  0.941
     eigenvectors (columns):
       0.707 -0.408 -0.577
       0.707  0.408  0.577
       0.000 -0.816  0.577
     occupation matrix ns (before diag.):
       0.937 -0.002 -0.002
      -0.002  0.937  0.002
      -0.002  0.002  0.937
     ------------------------ ATOM    4 ------------------------
     Tr[ns(  4)] (up, down, total) =   2.80791  2.80580  5.61371
     Atomic magnetic moment for atom   4 =   0.00211
     SPIN  1
     eigenvalues:
       0.935  0.935  0.938
     eigenvectors (columns):
       0.661 -0.480 -0.577
       0.746  0.332  0.577
      -0.085 -0.812  0.577
     occupation matrix ns (before diag.):
       0.936 -0.001 -0.001
      -0.001  0.936  0.001
      -0.001  0.001  0.936
     SPIN  2
     eigenvalues:
       0.933  0.933  0.939
     eigenvectors (columns):
       0.707 -0.408 -0.577
       0.707  0.408  0.577
       0.000 -0.816  0.577
     occupation matrix ns (before diag.):
       0.935 -0.002 -0.002
      -0.002  0.935  0.002
      -0.002  0.002  0.935

     Number of occupied Hubbard levels =   20.1913

     HUBBARD ENERGY =    0.9152  (Ry)

     total cpu time spent up to now is       15.4 secs

     total energy              =    -739.92923925 Ry
     estimated scf accuracy    <      50.75552497 Ry

     total magnetization       =    -0.08 Bohr mag/cell
     absolute magnetization    =     6.10 Bohr mag/cell

     iteration #  2     ecut=    64.00 Ry     beta= 0.25
     Davidson diagonalization with overlap

---- Real-time Memory Report at c_bands before calling an iterative solver
           395 MiB given to the printing process from OS
           592 MiB allocation reported by mallinfo(arena+hblkhd)
         48421 MiB available memory on the node where the printing process lives
------------------
     ethr =  1.00E-02,  avg # of iterations =  4.1

     =================== HUBBARD OCCUPATIONS ===================
     ------------------------ ATOM    1 ------------------------
     Tr[ns(  1)] (up, down, total) =   4.95329  4.66933  9.62261
     Atomic magnetic moment for atom   1 =   0.28396
     SPIN  1
     eigenvalues:
       0.982  0.982  0.996  0.997  0.997
     eigenvectors (columns):
       0.124 -0.992 -0.000  0.017 -0.005
      -0.012 -0.009  0.577 -0.576 -0.578
       0.013 -0.006  0.577 -0.213  0.788
      -0.992 -0.124  0.000  0.005  0.017
       0.002 -0.014 -0.577 -0.789  0.210
     occupation matrix ns (before diag.):
       0.982 -0.000 -0.000  0.000 -0.000
      -0.000  0.997 -0.000 -0.000  0.000
      -0.000 -0.000  0.997  0.000  0.000
       0.000 -0.000  0.000  0.982 -0.000
      -0.000  0.000  0.000 -0.000  0.997
     SPIN  2
     eigenvalues:
       0.859  0.859  0.980  0.985  0.985
     eigenvectors (columns):
      -0.101 -0.995  0.000  0.013  0.004
      -0.009  0.006 -0.577  0.616 -0.536
       0.010  0.005 -0.577  0.156  0.801
       0.995 -0.101 -0.000  0.004 -0.013
       0.001  0.011  0.577  0.772  0.265
     occupation matrix ns (before diag.):
       0.859  0.001  0.001  0.000  0.001
       0.001  0.984 -0.002  0.001  0.002
       0.001 -0.002  0.984 -0.001  0.002
       0.000  0.001 -0.001  0.859 -0.000
       0.001  0.002  0.002 -0.000  0.984
     ------------------------ ATOM    2 ------------------------
     Tr[ns(  2)] (up, down, total) =   4.75874  4.95486  9.71360
     Atomic magnetic moment for atom   2 =  -0.19612
     SPIN  1
     eigenvalues:
       0.897  0.897  0.987  0.989  0.989
     eigenvectors (columns):
       0.111 -0.994 -0.000  0.018 -0.006
      -0.013 -0.009  0.577 -0.621 -0.530
       0.014 -0.006  0.577 -0.148  0.803
      -0.994 -0.111  0.000  0.006  0.018
       0.002 -0.016 -0.577 -0.769  0.273
     occupation matrix ns (before diag.):
       0.897 -0.001 -0.001  0.000 -0.001
      -0.001  0.988 -0.001 -0.001  0.001
      -0.001 -0.001  0.988  0.001  0.001
       0.000 -0.001  0.001  0.897 -0.000
      -0.001  0.001  0.001 -0.000  0.988
     SPIN  2
     eigenvalues:
       0.982  0.982  0.997  0.997  0.997
     eigenvectors (columns):
      -0.095 -0.995  0.000 -0.018 -0.005
       0.013 -0.009  0.577  0.591 -0.563
      -0.014 -0.007  0.577  0.192  0.793
       0.995 -0.095  0.000 -0.005  0.018
      -0.001 -0.016 -0.577  0.783  0.230
     occupation matrix ns (before diag.):
       0.982 -0.000 -0.000  0.000 -0.000
      -0.000  0.997 -0.000 -0.000  0.000
      -0.000 -0.000  0.997  0.000  0.000
       0.000 -0.000  0.000  0.982 -0.000
      -0.000  0.000  0.000 -0.000  0.997
     ------------------------ ATOM    3 ------------------------
     Tr[ns(  3)] (up, down, total) =   1.46102  1.41657  2.87758
     Atomic magnetic moment for atom   3 =   0.04445
     SPIN  1
     eigenvalues:
       0.466  0.497  0.497
     eigenvectors (columns):
      -0.577  0.707  0.408
       0.577  0.707 -0.408
       0.577  0.000  0.816
     occupation matrix ns (before diag.):
       0.487  0.010  0.010
       0.010  0.487 -0.010
       0.010 -0.010  0.487
     SPIN  2
     eigenvalues:
       0.457  0.480  0.480
     eigenvectors (columns):
      -0.577 -0.688  0.440
       0.577 -0.725 -0.376
       0.577  0.037  0.816
     occupation matrix ns (before diag.):
       0.472  0.008  0.008
       0.008  0.472 -0.008
       0.008 -0.008  0.472
     ------------------------ ATOM    4 ------------------------
     Tr[ns(  4)] (up, down, total) =   1.46700  1.43224  2.89924
     Atomic magnetic moment for atom   4 =   0.03476
     SPIN  1
     eigenvalues:
       0.469  0.499  0.499
     eigenvectors (columns):
      -0.577  0.707  0.408
       0.577  0.707 -0.408
       0.577  0.000  0.816
     occupation matrix ns (before diag.):
       0.489  0.010  0.010
       0.010  0.489 -0.010
       0.010 -0.010  0.489
     SPIN  2
     eigenvalues:
       0.461  0.485  0.485
     eigenvectors (columns):
      -0.577 -0.679  0.454
       0.577 -0.732 -0.361
       0.577  0.054  0.815
     occupation matrix ns (before diag.):
       0.477  0.008  0.008
       0.008  0.477 -0.008
       0.008 -0.008  0.477

     Number of occupied Hubbard levels =   25.1130

     HUBBARD ENERGY =    0.8731  (Ry)

     total cpu time spent up to now is       29.6 secs

     total energy              =    -749.05299453 Ry
     estimated scf accuracy    <       9.51800513 Ry

     total magnetization       =     0.19 Bohr mag/cell
     absolute magnetization    =     0.82 Bohr mag/cell

     iteration #  3     ecut=    64.00 Ry     beta= 0.25
     Davidson diagonalization with overlap

---- Real-time Memory Report at c_bands before calling an iterative solver
           426 MiB given to the printing process from OS
           944 MiB allocation reported by mallinfo(arena+hblkhd)
         48388 MiB available memory on the node where the printing process lives
------------------
     ethr =  1.00E-02,  avg # of iterations =  2.0

     =================== HUBBARD OCCUPATIONS ===================
     ------------------------ ATOM    1 ------------------------
     Tr[ns(  1)] (up, down, total) =   4.93189  3.29263  8.22452
     Atomic magnetic moment for atom   1 =   1.63926
     SPIN  1
     eigenvalues:
       0.984  0.984  0.988  0.988  0.988
     eigenvectors (columns):
       0.157  0.987 -0.000  0.024  0.009
       0.016 -0.013  0.577  0.620 -0.531
      -0.020 -0.008  0.577  0.150  0.802
      -0.987  0.157  0.000  0.009 -0.024
      -0.003 -0.021 -0.577  0.770  0.272
     occupation matrix ns (before diag.):
       0.984  0.000  0.000  0.000  0.000
       0.000  0.988 -0.000  0.000  0.000
       0.000 -0.000  0.988 -0.000  0.000
       0.000  0.000 -0.000  0.984 -0.000
       0.000  0.000  0.000 -0.000  0.988
     SPIN  2
     eigenvalues:
       0.193  0.193  0.969  0.969  0.969
     eigenvectors (columns):
       0.066  0.998  0.014 -0.006 -0.000
       0.011 -0.007  0.645  0.500 -0.577
      -0.011 -0.006  0.110 -0.809 -0.577
      -0.998  0.066  0.006  0.014 -0.000
      -0.001 -0.013  0.756 -0.309  0.577
     occupation matrix ns (before diag.):
       0.193  0.005  0.005  0.000  0.010
       0.005  0.969  0.000  0.008 -0.000
       0.005  0.000  0.969 -0.008 -0.000
       0.000  0.008 -0.008  0.193 -0.000
       0.010 -0.000 -0.000 -0.000  0.969
     ------------------------ ATOM    2 ------------------------
     Tr[ns(  2)] (up, down, total) =   3.33362  4.93046  8.26408
     Atomic magnetic moment for atom   2 =  -1.59685
     SPIN  1
     eigenvalues:
       0.216  0.216  0.967  0.967  0.968
     eigenvectors (columns):
      -0.177 -0.984  0.003 -0.001 -0.000
      -0.002  0.002  0.597  0.557 -0.577
       0.003  0.001  0.184 -0.795 -0.577
       0.984 -0.177  0.001  0.003 -0.000
       0.000  0.003  0.781 -0.238  0.577
     occupation matrix ns (before diag.):
       0.216  0.001  0.001  0.000  0.002
       0.001  0.967  0.000  0.002 -0.000
       0.001  0.000  0.967 -0.002 -0.000
       0.000  0.002 -0.002  0.216 -0.000
       0.002 -0.000 -0.000 -0.000  0.967
     SPIN  2
     eigenvalues:
       0.982  0.982  0.989  0.989  0.989
     eigenvectors (columns):
      -0.098 -0.995  0.000  0.021  0.006
       0.015 -0.010  0.577 -0.577  0.577
      -0.016 -0.007  0.577 -0.211 -0.789
       0.995 -0.098  0.000  0.006 -0.021
      -0.002 -0.018 -0.577 -0.788 -0.211
     occupation matrix ns (before diag.):
       0.982 -0.000 -0.000  0.000 -0.000
      -0.000  0.989 -0.000 -0.000  0.000
      -0.000 -0.000  0.989  0.000  0.000
       0.000 -0.000  0.000  0.982 -0.000
      -0.000  0.000  0.000 -0.000  0.989
     ------------------------ ATOM    3 ------------------------
     Tr[ns(  3)] (up, down, total) =   2.35619  2.35244  4.70863
     Atomic magnetic moment for atom   3 =   0.00375
     SPIN  1
     eigenvalues:
       0.785  0.785  0.786
     eigenvectors (columns):
       0.729 -0.369 -0.577
       0.684  0.447  0.577
       0.045 -0.815  0.577
     occupation matrix ns (before diag.):
       0.785 -0.000 -0.000
      -0.000  0.785  0.000
      -0.000  0.000  0.785
     SPIN  2
     eigenvalues:
       0.782  0.782  0.788
     eigenvectors (columns):
       0.729 -0.367 -0.577
       0.683  0.448  0.577
       0.047 -0.815  0.577
     occupation matrix ns (before diag.):
       0.784 -0.002 -0.002
      -0.002  0.784  0.002
      -0.002  0.002  0.784
     ------------------------ ATOM    4 ------------------------
     Tr[ns(  4)] (up, down, total) =   2.33705  2.36567  4.70272
     Atomic magnetic moment for atom   4 =  -0.02861
     SPIN  1
     eigenvalues:
       0.775  0.775  0.787
     eigenvectors (columns):
       0.707 -0.408 -0.577
       0.707  0.408  0.577
       0.000 -0.816  0.577
     occupation matrix ns (before diag.):
       0.779 -0.004 -0.004
      -0.004  0.779  0.004
      -0.004  0.004  0.779
     SPIN  2
     eigenvalues:
       0.785  0.790  0.790
     eigenvectors (columns):
      -0.577 -0.672  0.464
       0.577 -0.738 -0.350
       0.577  0.066  0.814
     occupation matrix ns (before diag.):
       0.789  0.002  0.002
       0.002  0.789 -0.002
       0.002 -0.002  0.789

     Number of occupied Hubbard levels =   25.9000

     HUBBARD ENERGY =    0.8057  (Ry)

     total cpu time spent up to now is       38.1 secs

     total energy              =    -750.50300377 Ry
     estimated scf accuracy    <       0.69217161 Ry

     total magnetization       =     0.00 Bohr mag/cell
     absolute magnetization    =     3.48 Bohr mag/cell

     iteration #  4     ecut=    64.00 Ry     beta= 0.25
     Davidson diagonalization with overlap

---- Real-time Memory Report at c_bands before calling an iterative solver
           440 MiB given to the printing process from OS
          1136 MiB allocation reported by mallinfo(arena+hblkhd)
         48376 MiB available memory on the node where the printing process lives
------------------
     ethr =  1.44E-03,  avg # of iterations =  1.7

     =================== HUBBARD OCCUPATIONS ===================
     ------------------------ ATOM    1 ------------------------
     Tr[ns(  1)] (up, down, total) =   4.94943  3.32973  8.27915
     Atomic magnetic moment for atom   1 =   1.61970
     SPIN  1
     eigenvalues:
       0.989  0.989  0.990  0.990  0.990
     eigenvectors (columns):
      -0.080 -0.997 -0.012 -0.004  0.000
      -0.008  0.006 -0.614  0.538 -0.577
       0.009  0.004 -0.159 -0.801 -0.577
       0.997 -0.080 -0.004  0.012 -0.000
       0.001  0.010 -0.773 -0.262  0.577
     occupation matrix ns (before diag.):
       0.989  0.000  0.000  0.000  0.000
       0.000  0.990  0.000  0.000 -0.000
       0.000  0.000  0.990 -0.000 -0.000
       0.000  0.000 -0.000  0.989 -0.000
       0.000 -0.000 -0.000 -0.000  0.990
     SPIN  2
     eigenvalues:
       0.197  0.197  0.978  0.978  0.979
     eigenvectors (columns):
      -0.048  0.999 -0.012 -0.005 -0.000
      -0.009 -0.006 -0.648  0.497 -0.577
       0.009 -0.005 -0.106 -0.809 -0.577
       0.999  0.048 -0.005  0.012 -0.000
       0.001 -0.010 -0.754 -0.313  0.577
     occupation matrix ns (before diag.):
       0.197  0.004  0.004  0.000  0.008
       0.004  0.978  0.000  0.007 -0.000
       0.004  0.000  0.978 -0.007 -0.000
       0.000  0.007 -0.007  0.197 -0.000
       0.008 -0.000 -0.000 -0.000  0.978
     ------------------------ ATOM    2 ------------------------
     Tr[ns(  2)] (up, down, total) =   3.32871  4.94064  8.26935
     Atomic magnetic moment for atom   2 =  -1.61192
     SPIN  1
     eigenvalues:
       0.198  0.198  0.978  0.978  0.978
     eigenvectors (columns):
      -0.113  0.994 -0.002  0.001 -0.000
       0.002  0.001  0.656  0.486  0.577
      -0.002  0.001  0.092 -0.811  0.577
       0.994  0.113 -0.001 -0.002 -0.000
      -0.000  0.002  0.749 -0.326 -0.577
     occupation matrix ns (before diag.):
       0.198 -0.001 -0.001  0.000 -0.002
      -0.001  0.978  0.000 -0.001 -0.000
      -0.001  0.000  0.978  0.001 -0.000
       0.000 -0.001  0.001  0.198 -0.000
      -0.002 -0.000 -0.000 -0.000  0.978
     SPIN  2
     eigenvalues:
       0.985  0.985  0.990  0.990  0.990
     eigenvectors (columns):
      -0.142 -0.989  0.000 -0.027 -0.006
       0.017 -0.014  0.577  0.554 -0.600
      -0.021 -0.008  0.577  0.242  0.779
       0.989 -0.142  0.000 -0.006  0.027
      -0.003 -0.022 -0.577  0.796  0.180
     occupation matrix ns (before diag.):
       0.985 -0.000 -0.000  0.000 -0.000
      -0.000  0.990 -0.000 -0.000  0.000
      -0.000 -0.000  0.990  0.000  0.000
       0.000 -0.000  0.000  0.985 -0.000
      -0.000  0.000  0.000 -0.000  0.990
     ------------------------ ATOM    3 ------------------------
     Tr[ns(  3)] (up, down, total) =   2.36870  2.35192  4.72062
     Atomic magnetic moment for atom   3 =   0.01679
     SPIN  1
     eigenvalues:
       0.789  0.790  0.790
     eigenvectors (columns):
      -0.577 -0.675  0.459
       0.577 -0.735 -0.355
       0.577  0.060  0.814
     occupation matrix ns (before diag.):
       0.790  0.000  0.000
       0.000  0.790 -0.000
       0.000 -0.000  0.790
     SPIN  2
     eigenvalues:
       0.782  0.782  0.787
     eigenvectors (columns):
       0.707 -0.408 -0.577
       0.707  0.408  0.577
       0.000 -0.816  0.577
     occupation matrix ns (before diag.):
       0.784 -0.002 -0.002
      -0.002  0.784  0.002
      -0.002  0.002  0.784
     ------------------------ ATOM    4 ------------------------
     Tr[ns(  4)] (up, down, total) =   2.35493  2.36579  4.72073
     Atomic magnetic moment for atom   4 =  -0.01086
     SPIN  1
     eigenvalues:
       0.781  0.781  0.793
     eigenvectors (columns):
       0.677 -0.457 -0.577
       0.734  0.358  0.577
      -0.057 -0.815  0.577
     occupation matrix ns (before diag.):
       0.785 -0.004 -0.004
      -0.004  0.785  0.004
      -0.004  0.004  0.785
     SPIN  2
     eigenvalues:
       0.784  0.791  0.791
     eigenvectors (columns):
      -0.577 -0.677  0.456
       0.577 -0.734 -0.359
       0.577  0.056  0.815
     occupation matrix ns (before diag.):
       0.789  0.002  0.002
       0.002  0.789 -0.002
       0.002 -0.002  0.789

     Number of occupied Hubbard levels =   25.9898

     HUBBARD ENERGY =    0.4858  (Ry)

     total cpu time spent up to now is       44.9 secs

     total energy              =    -750.73141830 Ry
     estimated scf accuracy    <       0.37255249 Ry

